1764751864332 0.18893 0
1764751971590 0.35838 1
1764752077815 0.80885 2
1764752179587 0.95353 3
1764752283546 0.95193 4
1764752388419 0.97638 5
1764752490604 0.98339 6
1764752593197 0.98364 7
1764752697768 0.98396 8
1764752801220 0.98383 9
1764752912738 0.98595 10
1764753025843 0.9862 11
1764753131091 0.98777 12
1764753240526 0.98789 13
1764753341977 0.98942 14
1764753441961 0.99015 15
1764753543557 0.98974 16
1764753645867 0.98907 17
1764753746760 0.98772 18
1764753849354 0.98715 19
1764753953871 0.9912 20
1764754054536 0.99189 21
1764754159415 0.9909 22
1764754261683 0.99005 23
1764754366986 0.99132 24
1764754469044 0.99093 25
1764754569260 0.9923 26
1764754672769 0.99113 27
1764754783809 0.99173 28
1764754887444 0.99225 29
1764754985297 0.99052 30
1764755082060 0.99174 31
1764755182649 0.99207 32
1764755281129 0.9899 33
1764755378154 0.99057 34
1764755477726 0.98922 35
1764755575296 0.99017 36
1764755673960 0.99125 37
1764755773781 0.98926 38
1764755875788 0.99107 39
1764755980620 0.98988 40
1764756084436 0.98992 41
1764756180798 0.98969 42
1764756276221 0.99189 43
1764756377373 0.98772 44
1764756482726 0.98932 45
1764756585327 0.98922 46
1764756689093 0.99109 47
1764756796906 0.99114 48
1764756927740 0.99099 49
1764757062679 0.99101 50
1764757191146 0.99133 51
1764757312333 0.99193 52
1764757430360 0.99094 53
1764757545780 0.99079 54
1764757661316 0.98893 55
1764757776364 0.9912 56
1764757899306 0.99238 57
1764758017860 0.99156 58
1764758140427 0.9913 59
1764758258564 0.9901 60
1764758376879 0.98992 61
1764758494493 0.99002 62
1764758610955 0.9894 63
1764758729156 0.98914 64
1764758846205 0.98923 65
1764758963203 0.98927 66
1764759083097 0.99108 67
1764759102923 0.9923576015660791 67
