1764751864332 0.13058 0
1764751971590 0.23959 1
1764752077815 0.51265 2
1764752179587 0.65281 3
1764752283546 0.65633 4
1764752388419 0.66501 5
1764752490604 0.68505 6
1764752593197 0.67957 7
1764752697768 0.67588 8
1764752801220 0.6686 9
1764752912738 0.67017 10
1764753025843 0.69356 11
1764753131091 0.69692 12
1764753240526 0.69057 13
1764753341977 0.70746 14
1764753441961 0.70387 15
1764753543557 0.68982 16
1764753645867 0.70773 17
1764753746760 0.69963 18
1764753849354 0.70161 19
1764753953871 0.71261 20
1764754054536 0.70692 21
1764754159415 0.71649 22
1764754261683 0.71146 23
1764754366986 0.71901 24
1764754469044 0.71549 25
1764754569260 0.72476 26
1764754672769 0.71633 27
1764754783809 0.72168 28
1764754887444 0.71071 29
1764754985297 0.71402 30
1764755082060 0.70002 31
1764755182649 0.70602 32
1764755281129 0.71256 33
1764755378154 0.72861 34
1764755477726 0.71512 35
1764755575296 0.7183 36
1764755673960 0.7214 37
1764755773781 0.72445 38
1764755875788 0.73132 39
1764755980620 0.72026 40
1764756084436 0.72988 41
1764756180798 0.73008 42
1764756276221 0.73052 43
1764756377373 0.72168 44
1764756482726 0.72707 45
1764756585327 0.72584 46
1764756689093 0.73094 47
1764756796906 0.73697 48
1764756927740 0.73286 49
1764757062679 0.73701 50
1764757191146 0.73059 51
1764757312333 0.72974 52
1764757430360 0.7271 53
1764757545780 0.73049 54
1764757661316 0.73251 55
1764757776364 0.73715 56
1764757899306 0.74677 57
1764758017860 0.74392 58
1764758140427 0.73651 59
1764758258564 0.7302 60
1764758376879 0.73096 61
1764758494493 0.73244 62
1764758610955 0.74171 63
1764758729156 0.74001 64
1764758846205 0.74302 65
1764758963203 0.74332 66
1764759083097 0.74655 67
1764759102923 0.7463781335303412 67
