1764751864332 0.0077 0
1764751971590 1.0 1
1764752077815 0.02148 2
1764752179587 0.99705 3
1764752283546 0.99777 4
1764752388419 0.94324 5
1764752490604 0.97882 6
1764752593197 0.99015 7
1764752697768 0.9922 8
1764752801220 0.99066 9
1764752912738 0.98795 10
1764753025843 0.98566 11
1764753131091 0.99221 12
1764753240526 0.99064 13
1764753341977 0.99358 14
1764753441961 0.99373 15
1764753543557 0.99286 16
1764753645867 0.98895 17
1764753746760 0.99497 18
1764753849354 0.99613 19
1764753953871 0.99246 20
1764754054536 0.99617 21
1764754159415 0.98841 22
1764754261683 0.99401 23
1764754366986 0.99494 24
1764754469044 0.99529 25
1764754569260 0.9957 26
1764754672769 0.99573 27
1764754783809 0.99111 28
1764754887444 0.99568 29
1764754985297 0.99376 30
1764755082060 0.99106 31
1764755182649 0.98997 32
1764755281129 0.99486 33
1764755378154 0.99559 34
1764755477726 0.99626 35
1764755575296 0.99187 36
1764755673960 0.99552 37
1764755773781 0.99354 38
1764755875788 0.99578 39
1764755980620 0.99674 40
1764756084436 0.99247 41
1764756180798 0.99045 42
1764756276221 0.99093 43
1764756377373 0.99238 44
1764756482726 0.99248 45
1764756585327 0.99487 46
1764756689093 0.99436 47
1764756796906 0.99251 48
1764756927740 0.99313 49
1764757062679 0.99261 50
1764757191146 0.99272 51
1764757312333 0.99394 52
1764757430360 0.99462 53
1764757545780 0.99479 54
1764757661316 0.99361 55
1764757776364 0.99277 56
1764757899306 0.99377 57
1764758017860 0.99365 58
1764758140427 0.9947 59
1764758258564 0.9928 60
1764758376879 0.99419 61
1764758494493 0.99039 62
1764758610955 0.9942 63
1764758729156 0.99215 64
1764758846205 0.9936 65
1764758963203 0.99367 66
1764759083097 0.99296 67
1764759102923 0.9937540679700507 67
