1764751864332 0.29484 0
1764751971590 0.07089 1
1764752077815 0.90855 2
1764752179587 0.23358 3
1764752283546 0.4207 4
1764752388419 0.62514 5
1764752490604 0.94923 6
1764752593197 0.9697 7
1764752697768 0.9757 8
1764752801220 0.98472 9
1764752912738 0.98759 10
1764753025843 0.98916 11
1764753131091 0.98405 12
1764753240526 0.98554 13
1764753341977 0.98804 14
1764753441961 0.98795 15
1764753543557 0.98815 16
1764753645867 0.98639 17
1764753746760 0.98691 18
1764753849354 0.98698 19
1764753953871 0.99027 20
1764754054536 0.98721 21
1764754159415 0.98809 22
1764754261683 0.98674 23
1764754366986 0.98777 24
1764754469044 0.98784 25
1764754569260 0.98975 26
1764754672769 0.98866 27
1764754783809 0.99329 28
1764754887444 0.99056 29
1764754985297 0.99131 30
1764755082060 0.99017 31
1764755182649 0.98759 32
1764755281129 0.98534 33
1764755378154 0.98671 34
1764755477726 0.98891 35
1764755575296 0.9908 36
1764755673960 0.99103 37
1764755773781 0.99219 38
1764755875788 0.99036 39
1764755980620 0.99246 40
1764756084436 0.99038 41
1764756180798 0.99131 42
1764756276221 0.99109 43
1764756377373 0.99125 44
1764756482726 0.98798 45
1764756585327 0.99011 46
1764756689093 0.99119 47
1764756796906 0.99446 48
1764756927740 0.99413 49
1764757062679 0.99323 50
1764757191146 0.99286 51
1764757312333 0.99447 52
1764757430360 0.99487 53
1764757545780 0.99329 54
1764757661316 0.99296 55
1764757776364 0.99381 56
1764757899306 0.9921 57
1764758017860 0.99232 58
1764758140427 0.98843 59
1764758258564 0.99056 60
1764758376879 0.98898 61
1764758494493 0.99277 62
1764758610955 0.98981 63
1764758729156 0.99296 64
1764758846205 0.99127 65
1764758963203 0.99364 66
1764759083097 0.99254 67
1764759102923 0.9920957948537119 67
