1762411520311 0.12538 0
1762411648859 0.2484 1
1762411780492 0.35948 2
1762411907546 0.65011 3
1762412031756 0.66365 4
1762412156523 0.67976 5
1762412280963 0.67231 6
1762412404822 0.68439 7
1762412525645 0.67907 8
1762412645723 0.69925 9
1762412764545 0.68558 10
1762412887342 0.68183 11
1762413021049 0.69087 12
1762413171166 0.69073 13
1762413311429 0.69395 14
1762413462665 0.68991 15
1762413620159 0.70601 16
1762413769977 0.71188 17
1762413909723 0.70605 18
1762414037422 0.71187 19
1762414180113 0.70417 20
1762414329861 0.70653 21
1762414462480 0.71176 22
1762414588666 0.71208 23
1762414715168 0.71787 24
1762414856315 0.72161 25
1762415004345 0.71405 26
1762415195230 0.72439 27
1762415369963 0.72021 28
1762415518492 0.72028 29
1762415671174 0.7271 30
1762415815762 0.73059 31
1762415959832 0.73184 32
1762416095567 0.73003 33
1762416271191 0.72382 34
1762416396057 0.73053 35
1762416520591 0.7234 36
1762416643010 0.72691 37
1762416764872 0.73134 38
1762416886602 0.73672 39
1762417005417 0.72868 40
1762417125566 0.73314 41
1762417243892 0.73465 42
1762417361623 0.73436 43
1762417480197 0.73785 44
1762417597520 0.735 45
1762417712992 0.73601 46
1762417827884 0.74082 47
1762417949927 0.74302 48
1762418065888 0.74201 49
1762418086590 0.7431611279246745 49
