1762411520311 0.17473 0
1762411648859 0.39316 1
1762411780492 0.58947 2
1762411907546 0.95551 3
1762412031756 0.96525 4
1762412156523 0.97853 5
1762412280963 0.98123 6
1762412404822 0.98241 7
1762412525645 0.98232 8
1762412645723 0.98269 9
1762412764545 0.98296 10
1762412887342 0.98302 11
1762413021049 0.98585 12
1762413171166 0.98549 13
1762413311429 0.98821 14
1762413462665 0.98621 15
1762413620159 0.98809 16
1762413769977 0.98747 17
1762413909723 0.9872 18
1762414037422 0.98941 19
1762414180113 0.98789 20
1762414329861 0.98789 21
1762414462480 0.98799 22
1762414588666 0.98703 23
1762414715168 0.98724 24
1762414856315 0.9896 25
1762415004345 0.99038 26
1762415195230 0.99033 27
1762415369963 0.98822 28
1762415518492 0.99002 29
1762415671174 0.99065 30
1762415815762 0.9912 31
1762415959832 0.99176 32
1762416095567 0.98977 33
1762416271191 0.9894 34
1762416396057 0.98965 35
1762416520591 0.99127 36
1762416643010 0.99091 37
1762416764872 0.99092 38
1762416886602 0.99075 39
1762417005417 0.9911 40
1762417125566 0.99103 41
1762417243892 0.99104 42
1762417361623 0.99116 43
1762417480197 0.99192 44
1762417597520 0.99183 45
1762417712992 0.99186 46
1762417827884 0.99176 47
1762417949927 0.99175 48
1762418065888 0.9917 49
1762418086590 0.9917509292322533 49
