1762411520311 0.00963 0
1762411648859 1.0 1
1762411780492 0.01607 2
1762411907546 1.0 3
1762412031756 0.99715 4
1762412156523 0.98999 5
1762412280963 0.98228 6
1762412404822 0.97942 7
1762412525645 0.97876 8
1762412645723 0.9925 9
1762412764545 0.99425 10
1762412887342 0.9883 11
1762413021049 0.99244 12
1762413171166 0.99204 13
1762413311429 0.99256 14
1762413462665 0.99423 15
1762413620159 0.99469 16
1762413769977 0.99623 17
1762413909723 0.99495 18
1762414037422 0.99486 19
1762414180113 0.99315 20
1762414329861 0.99505 21
1762414462480 0.99582 22
1762414588666 0.99603 23
1762414715168 0.99503 24
1762414856315 0.99491 25
1762415004345 0.99618 26
1762415195230 0.99581 27
1762415369963 0.9952 28
1762415518492 0.99358 29
1762415671174 0.99077 30
1762415815762 0.99491 31
1762415959832 0.99483 32
1762416095567 0.99334 33
1762416271191 0.99458 34
1762416396057 0.99469 35
1762416520591 0.99453 36
1762416643010 0.99399 37
1762416764872 0.99342 38
1762416886602 0.99345 39
1762417005417 0.99454 40
1762417125566 0.99229 41
1762417243892 0.99248 42
1762417361623 0.99225 43
1762417480197 0.99108 44
1762417597520 0.99296 45
1762417712992 0.99307 46
1762417827884 0.99315 47
1762417949927 0.9929 48
1762418065888 0.99236 49
1762418086590 0.9928944433231071 49
