1762411520311 0.26913 0
1762411648859 0.03686 1
1762411780492 0.71358 2
1762411907546 0.38617 3
1762412031756 0.57905 4
1762412156523 0.84572 5
1762412280963 0.94774 6
1762412404822 0.97704 7
1762412525645 0.97898 8
1762412645723 0.97912 9
1762412764545 0.98406 10
1762412887342 0.98332 11
1762413021049 0.98483 12
1762413171166 0.98659 13
1762413311429 0.98594 14
1762413462665 0.9854 15
1762413620159 0.98475 16
1762413769977 0.98522 17
1762413909723 0.98569 18
1762414037422 0.98672 19
1762414180113 0.98606 20
1762414329861 0.98639 21
1762414462480 0.98508 22
1762414588666 0.98394 23
1762414715168 0.98568 24
1762414856315 0.98604 25
1762415004345 0.98596 26
1762415195230 0.98508 27
1762415369963 0.98836 28
1762415518492 0.99083 29
1762415671174 0.9909 30
1762415815762 0.98749 31
1762415959832 0.98823 32
1762416095567 0.9905 33
1762416271191 0.98779 34
1762416396057 0.988 35
1762416520591 0.98627 36
1762416643010 0.99 37
1762416764872 0.9906 38
1762416886602 0.99086 39
1762417005417 0.98534 40
1762417125566 0.99111 41
1762417243892 0.99138 42
1762417361623 0.99073 43
1762417480197 0.99093 44
1762417597520 0.98893 45
1762417712992 0.98979 46
1762417827884 0.99062 47
1762417949927 0.99102 48
1762418065888 0.99166 49
1762418086590 0.9910245679341105 49
